00011
00013
00015
00016
00017
00018
00021
00026
00029
00031
00034
00038
00040
00043
00050
00056
00058
00065
00067
00068
00071
00076
00078
00080
00086
00088
00089
00098
00099
00103
00104
00111
00112
00117
00119
00123
00125
00127
00131
00133
00134
00135
00136
00137
00138
00139
00148
00150
00151
00156
00164
00168
00169
00172
00176
00179
00180
00183
00185
00190
00191
00193
00197
00199
00200
00203
00206
00207
00210
00211
00222
00226
00233
00240
00242
00244
00250
00253
00257
00259
00260
00262
00269
00271
00278
00279
00280
00282
00286
00287
00291
00300
00304
00305
00306
00310
00313
00319
00322
00328
00331
00332
00333
00338
00339
00340
00341
00344
00360
00361
00365
00368
00374
00376
00384
00385
00394
00395
00403
00405
00412
00413
00415
00416
00417
00420
00423
00424
00425
00426
00429
00430
00433
00434
00436
00439
00441
00451
00452
00453
00455
00457
00459
00462
00468
00469
00473
00490
00498
00504
00507
00508
00510
00515
00516
00526
00528
00530
00533
00536
00539
00544
00547
00559
00560
00562
00569
00570
00575
00578
00586
00587
00590
00597
00599
00602
00605
00609
00610
00614
00618
00619
00625
00627
00628
00631
00633
00635
00642
00643
00644
00649
00652
00654
00656
00657
00661
00662
00664
00666
00670
00672
00674
00676
00677
00679
00681
00688
00690
00695
00700
00703
00705
00707
00709
00712
00713
00716
00723
00727
00728
00734
00735
00738
00739
00742
00743
00744
00746
00747
00751
00752
00753
00756
00758
00762
00763
00764
00775
00777
00781
00784
00787
00792
00798
00802
00806
00811
00813
00814
00815
00816
00817
00824
00825
00826
00828
00829
00830
00832
00841
00844
00852
00857
00864
00871
00872
00878
00879
00885
00889
00890
00891
00892
00894
00897
00898
00901
00903
00904
00905
00906
00917
00918
00920
00921
00925
00927
00931
00932
00934
00935
00940
00941
00943
00945
00946
00947
00951
00955
00961
00963
00964
00965
00969
00970
00972
00974
00975
00993
00998
01000
01002
01005
01008
01009
01011
01012
01013
01016
01017
01018
01023
01026
01027
01029
01044
01056
01058
01082
01090
01097
01099
01100
01114
01133
01135
01141
01144
01147
01151
01156
01161
01172
01174
01183
01191
01198
01208
01209
01211
01212
01214
01223
01243
01244
01249
01250
01265
01267
01273
01275
01278
01301
01304
01311
01320
01324
01326
01329
01332
01347
01350
01360
01361
01363
01366
01373
01378
01390
01392
01399
01407
01409
01412
01413
01416
01417
01421
01424
01429
01437
01439
01442
01444
01446
01447
01449
01450
01451
01452
01453
01454
01455
01456
01460
01461
01462
01464
01467
01479
01482
01483
01488
01489
01491
01495
01496
01498
01502
01503
01507
01513
01516
01517
01518
01521
01522
01523
01524
01526
01527
01530
01531
01532
01535
01536
01538
01541
01542
01543
01545
01546
01548
01550
01551
01552
01553
01554
01557
01559
01562
01565
01569
01571
01573
01574
01575
01576
01580
01581
01583
01584
01589
01590
01591
01592
01593
01594
01595
01596
01597
01598
01599
01603
01605
01606
01607
01608
01610
01611
01613
01614
01615
01616
01618
01619
01620
01622
01623
01624
01627
01629
01630
01631
01632
01633
01634
01635
01636
01637
01639
01640
01642
01643
01644
01645
01648
01649
01650
01651
01653
01654
01655
01658
01659
01660
01661
01662
01664
01665
01666
01668
01672
01675
01676
01678
01679
01683
01684
01686
01687
01692
01694
01695
01697
01698
01701
01702
01704
01708
01709
01712
01715
01716
01717
01718
01719
01721
01722
01723
01725
01729
01730
01732
01733
01736
01737
01738
01739
01746
01747
01748
01749
01752
01753
01754
01756
01758
01759
01761
01762
01763
01765
01767
01768
01770
01771
01773
01774
01776
01777
01779
01780
01782
01784
01785
01790
01792
01793
01794
01795
01796
01797
01798
01799
01800
01801
01802
01806
01807
01809
01810
01812
01813
01814
01819
01820
01821
01823
01833
01834
01836
01838
01839
01840
01841
01843
01844
01845
01846
01850
01852
01853
01861
01862
01864
01872
01875
01876
01877
01878
01880
01885
01886
01887
01891
01892
01893
01894
01895
01900
01902
01903
01905
01906
01908
01909
01912
01919
01920
01921
01924
01925
01926
01928
01930
01932
01934
01936
01939
01940
01942
01943
01945
01946
01948
01953
01954
01956
01960
01962
01963
01965
01966
01967
01970
01975
01976
01980
01983
01986
01992
01993
01995
01997
02000
02004
02017
02018
02022
02025
02029
02032
02034
02036
02044
02047
02049
02051
02057
02060
02063
02068
02075
02077
02081
02082
02084
02088
02091
02093
02094
02100
02101
02102
02104
02105
02106
02108
02117
02119
02121
02122
02128
02133
02154
02155
02156
02159
02162
02163
02166
02170
02172
02174
02175
02176
02179
02181
02183
02192
02196
02198
02203
02208
02211
02212
02213
02214
02219
02221
02233
02237
02239
02241
02242
02243
02245
02249
02252
02253
02255
02262
02267
02280
02283
02284
02289
02290
02291
02292
02296
02297
02299
02301
02304
02308
02309
02311
02312
02313
02316
02319
02322
02323
02324
02325
02327
02331
02332
02333
02334
02335
02337
02339
02340
02343
02344
02348
02356
02357
02358
02361
02363
02364
02366
02376
02379
02380
02384
02391
02395
02399
02405
02412
02420
02425
02431
02436
02437
02440
02448
02451
02455
02457
02466
02467
02471
02474
02477
02479
02482
02489
02490
02494
02495
02504
02508
02509
02511
02513
02515
02516
02517
02518
02519
02522
02523
02524
02526
02531
02532
02533
02534
02536
02538
02540
02541
02542
02543
02547
02549
02550
02551
02553
02554
02555
02556
02560
02562
02566
02568
02569
02573
02581
02584
02586
02589
02590
02593
02596
02599
02601
02602
02604
02605
02606
02607
02608
02610
02611
02613
02618
02620
02623
02624
02626
02627
02628
02629
02630
02631
02640
02645
02650
02652
02654
02655
02660
02662
02668
02670
02671
02673
02674
02679
02682
02683
02684
02689
02690
02692
02693
02694
02701
02702
02703
02706
02707
02710
02713
02718
02719
02720
02723
02725
02729
02732
02733
02735
02737
02739
02747
02748
02751
02752
02753
02755
02759
02760
02765
02768
02769
02770
02773
02776
02778
02780
02782
02794
02802
02803
02804
02808
02809
02810
02814
02815
02819
02823
02825
02826
02827
02836
02837
02839
02844
02845
02849
02850
02851
02852
02855
02864
02867
02869
02884
02885
02886
02898
02905
02938
02943
02947
02957
02958
02961
02963
02964
02965
02976
02977
02985
02989
02990
02991
02995
02996
03002
03003
03006
03011
03033
03045
03046
03055
03059
03061
03093
03095
03096
03099
03101
03104
03105
03108
03110
03113
03117
03122
03124
03125
03126
03135
03136
03137
03148
03149
03162
03163
03169
03171
03179
03182
03183
03186
03198
03202
03206
03210
03215
03217
03218
03221
03224
03225
03228
03235
03236
03242
03251
03252
03253
03254
03255
03257
03261
03263
03265
03269
03270
03272
03277
03284
03287
03298
03299
03301
03309
03311
03327
03328
03329
03331
03332
03333
03335
03336
03337
03339
03344
03349
03350
03353
03354
03356
03360
03366
03373
03376
03377
03379
03381
03385
03386
03387
03390
03394
03402
03411
03412
03413
03414
03418
03426
03428
03432
03442
03446
03450
03452
03453
03464
03465
03466
03469
03470
03472
03473
03474
03475
03479
03480
03485
03486
03492
03494
03495
03496
03501
03505
03506
03510
03512
03515
03523
03529
03538
03542
03550
03556
03560
03566
03568
03572
03573
03577
03579
03582
03587
03588
03591
03592
03594
03596
03597
03600
03601
03603
03610
03613
03618
03622
03623
03625
03630
03635
03639
03641
03647
03650
03652
03658
03664
03671
03672
03674
03691
03694
03701
03703
03749
03750
03830
03831
03874
03876
03893
03906
03912
03982
03989
03994
03999
04000
04002
04006
04011
04020
04024
04026
04030
04032
04034
04035
04036
04041
04043
04044
04051
04057
04059
04063
04064
04069
04071
04072
04073
04074
04076
04080
04088
04089
04090
04094
04097
04101
04104
04105
04114
04119
04122
04130
04132
04135
04136
04147
04150
04152
04159
04160
04161
04162
04165
04170
04174
04177
04186
04189
04191
04204
04206
04207
04210
04211
04213
04214
04215
04216
04221
04223
04230
04232
04234
04238
04242
04247
04250
04264
04269
04277
04285
04290
04303
04310
04311
04313
04315
04320
04326
04337
04338
04351
04357
04360
04361
04373
04387
04389
04390
04404
04425
04427
04430
04431
04442
04451
04453
04462
04469
04470
04473
04483
04484
04485
04486
04490
04491
04493
04494
04496
04498
04499
04500
04506
04510
04512
04515
04523
04533
04534
04537
04539
04543
04549
04550
04553
04556
04558
04560
04564
04565
04568
04572
04573
04574
04577
04580
04581
04582
04584
04589
04591
04599
04601
04604
04609
04611
04613
04619
04623
04625
04626
04628
04629
04630
04634
04635
04637
04638
04639
04640
04643
04644
04651
04652
04654
04655
04663
04664
04667
04687
04690
04692
04694
04702
04713
04717
04720
04723
04724
04725
04733
04735
04750
04784
04808
04815
04843
04844
04862
04916
04921
04946
04950
04971
04991
05010
05023
05027
05046
05050
05051
05058
05066
05074
05076
05090
05096
05105
05106
05120
05140
05144
05150
05152
05155
05159
05163
05166
05170
05171
05172
05173
05174
05175
05178
05186
05189
05190
05202
05203
05204
05206
05208
05209
05210
05216
05219
05220
05221
05222
05226
05229
05230
05238
05239
05242
05244
05245
05246
05257
05267
05269
05278
05285
05288
05296
05297
05298
05304
05311
05312
05313
05316
05317
05322
05323
05324
05327
05330
05331
05332
05336
05360
05365
05369
05370
05377
05389
05410
05424
05431
05432
05433
05436
05440
05442
05456
05457
05467
05472
05479
05483
05486
05490
05495
05500
05516
05519
05523
05530
05541
05546
05550
05551
05559
05561
05572
05574
05585
05591
05595
05599
05612
05618
05620
05621
05627
05633
05637
05640
05651
05655
05657
05658
05669
05673
05704
05708
05720
05728
05731
05740
05755
05758
05765
05783
05804
05812
05842
05903
05951
05954
05978
06000
06008
06017
06018
06019
06020
06022
06029
06030
06034
06035
06036
06041
06056
06074
06082
06096
06109
06130
06137
06144
06146
06151
06159
06166
06170
06176
06187
06191
06195
06201
06203
06214
06217
06218
06229
06235
06237
06239
06250
06262
06263
06264
06267
06271
06274
06276
06280
06281
06294
06297
06300
06303
06314
06315
06316
06317
06318
06325
06329
06333
06334
06337
06340
06347
06348
06351
06353
06354
06365
06519
06523
06529
06533
06538
06546
06547
06554
06566
06584
06601
06603
06607
06611
06614
06616
06618
06623
06624
06630
06632
06633
06639
06642
06645
06647
06660
06662
06667
06669
06674
06680
06686
06687
06694
06695
06698
06700
06701
06707
06708
06709
06712
06716
06725
06730
06731
06747
06754
06761
06765
06767
06783
06785
06787
06791
06793
06799
06807
06808
06817
06824
06828
06840
06871
06953
06980
06982
06995
07029
07038
07040
07046
07048
07053
07055
07064
07079
07083
07091
07100
07112
07144
07148
07155
07160
07176
07179
07197
07200
07206
07214
07223
07224
07226
07243
07251
07259
07260
07261
07288
07299
07305
07307
07308
07310
07325
07335
07340
07341
07347
07361
07364
07378
07387
07388
07389
07391
07392
07393
07394
07400
07416
07429
07432
07435
07436
07453
07465
07471
07485
07489
07493
07502
07512
07525
07535
07537
07543
07575
07586
07596
07598
07599
07611
07622
07628
07634
07635
07649
07651
07653
07656
07662
07681
07685
07696
07709
07715
07719
07729
07730
07745
07758
07773
07774
07776
07784
07785
07787
07794
07816
07832
07836
07847
07849
07861
07865
07869
07871
07879
07881
07886
07900
07907
07908
07914
07927
07933
07941
07943
07946
07953
07958
07968
07969
07981
07982
07986
08002
08004
08005
08016
08022
08023
08025
08027
08031
08047
08052
08059
08062
08065
08067
08075
08082
08097
08098
08110
08136
08138
08141
08153
08174
08176
08177
08208
08226
08256
08257
08273
08290
08316
08330
08351
08398
08413
08417
08422
08448
08449
08464
08495
08500
08512
08519
08546
08566
08572
08584
08591
08597
08643
08644
08649
08667
08694
08710
08714
08728
08736
08751
08758
08760
08767
08788
08794
08815
08816
08855
08858
08867
08895
08896
08901
08902
08910
08911
08915
08920
08930
08932
08939
08940
08943
08955
08963
08964
08969
08972
08973
08975
08981
08987
08989
08993
09009
09010
09016
09021
09025
09027
09033
09048
09050
09053
09062
09075
09097
09101
09113
09127
09131
09134
09144
09151
09161
09182
09185
09199
09207
09211
09218
09220
09238
09240
09241
09256
09261
09270
09274
09278
09285
09294
09306
09307
09313
09321
09326
09334
09362
09373
09376
09380
09382
09394
09395
09404
09410
09432
09440
09463
09475
09476
09481
09499
09503
09511
09516
09518
09519
09521
09536
09539
09550
09552
09554
09555
09558
09562
09565
09572
09585
09589
09596
09601
09619
09620
09639
09647
09653
09657
09663
09669
09679
09706
09709
09729
09730
09734
09742
09746
09750
09758
09793
09801
09806
09816
09826
09832
09862
09867
09870
09875
09882
09894
09902
09918
09927
09934
09938
09985
09986
09998
10142
10146
10165
10183
10188
10189
10190
10196
10229
10233
10238
10243
10257
10266
10267
10268
10271
10280
10283
10299
10301
10309
10315
10321
10326
10329
10333
10341
10354
10379
10381
10392
10398
10411
10413
10418
10422
10427
10428
10437
10438
10449
10451
10453
10456
10462
10464
10476
10478
10504
10505
10509
10514
10530
10549
10589
10591
10597
10603
10607
10622
10632
10633
10653
10668
10681
10693
10697
10705
10715
10718
10723
10749
10764
10791
10795
10797
10806
10821
10828
10837
10841
10847
10851
10856
10872
10878
10900
10906
10911
10941
10945
10953
10971
10982
10987
11011
11051
11070
11076
11081
11086
11089
11092
11111
11121
11129
11134
11160
11170
11190
11192
11201
11204
11207
11210
11213
11227
11239
11259
11260
11296
11303
11308
11309
11330
11345
11348
11351
11370
11376
11380
11417
11419
11420
11423
11437
11459
11471
11507
11512
11524
11544
11551
11552
11559
11577
11579
11580
11602
11611
11613
11625
11626
11631
11636
11661
11666
11675
11692
11695
11712
11721
11726
11736
11743
11757
11764
11767
11775
11798
11832
11839
11840
11846
11847
11850
11852
11863
11876
11878
11885
11888
11889
14648
24649
